34,322
34,255
34,254
34,253
34,252
34,251
34,250
34,39
35,29
34,249
34,248
34,247
34,246
34,245
34,244
34,243
34,242
34,241
34,240
34,239
35,28
34,321
34,320
34,319
34,318
34,317
34,316
34,315
34,314
34,313
35,27
34,312
34,311
34,310
34,309
34,308
34,307
34,306
34,305
34,304
34,303
34,302
34,301
34,300
34,299
33,447
33,446
33,445
33,444
33,443
33,442
33,441
33,440
33,439
33,438
33,437
33,436
33,435
33,434
33,433
33,432
33,431
33,430
33,429
33,428
33,427
33,426
33,425
33,424
33,423
33,422
33,421
33,420
33,419
33,418
33,417
33,416
33,415
33,414
23,37
33,413
34,298
34,297
34,296
34,295
34,294
34,293
34,292
34,291
34,290
33,412
33,411
33,410
33,409
33,408
33,407
33,406
33,405
33,404
33,403
33,402
34,289
34,288
34,287
34,286
34,285
34,284
34,283
34,282
34,281
34,280
34,279
34,278
34,277
34,276
34,275
34,274
34,273
34,272
34,271
34,270
34,269
34,268
34,267
35,26
34,266
34,265
34,264
34,263
34,262
34,261
34,260
34,259
34,258
34,257
34,256
35,25
34,238
34,237
34,236
34,235
34,234
34,233
34,232
34,231
34,230
34,229
34,228
34,227
34,40
0,575
0,574
0,573
0,572
0,571
34,38
34,226
34,225
34,224
34,223
35,24
34,222
34,221
34,220
34,219
34,218
34,217
35,23
34,216
34,215
34,214
34,213
34,4
34,212
34,211
34,210
34,209
35,22
34,208
34,207
34,206
34,17
0,570
34,205
34,204
34,203
34,202
34,201
34,200
34,199
34,198
35,21
34,197
34,196
0,569
0,568
35,20
34,195
34,194
34,193
34,192
34,191
34,190
34,189
0,567
34,188
34,187
34,186
34,185
34,184
34,183
34,182
34,181
34,180
34,179
34,178
34,177
34,176
34,175
34,174
34,173
35,19
34,172
34,171
34,170
34,169
34,168
34,167
34,166
0,566
34,165
34,164
0,565
33,401
0,564
34,163
34,162
34,161
34,160
34,159
34,158
34,157
34,156
35,18
34,155
34,154
34,153
34,152
34,151
34,150
34,149
34,148
34,147
34,146
34,145
34,144
34,143
34,142
34,141
34,140
34,139
35,17
0,563
34,138
34,137
34,136
34,135
34,134
34,133
34,132
34,131
34,130
34,129
34,128
34,127
35,16
34,126
34,125
34,124
34,123
34,122
34,121
0,562
34,120
34,119
34,118
34,117
34,116
34,115
34,114
34,113
35,15
34,112
34,111
34,110
34,109
34,108
34,107
34,106
34,105
34,104
34,103
34,102
34,101
34,100
34,99
34,98
34,97
34,96
34,95
0,561
0,560
0,559
0,558
34,94
0,557
0,556
0,555
34,93
34,92
34,91
34,90
34,89
34,88
34,87
35,14
35,13
35,12
34,86
34,85
34,84
34,83
0,554
34,82
34,81
34,80
34,79
34,78
34,77
34,76
34,75
34,74
34,73
34,72
34,71
0,553
0,552
33,400
0,551
0,550
34,70
33,399
33,398
33,397
33,396
33,395
33,394
33,393
34,69
34,68
34,67
34,66
34,65
34,5
34,64
34,37
